19052009
29012018
20112012
07092015
03062003
17022001
18112011
31032014
06112012
06062008
08062008
01082000
19102011
13012013
28122011
31122007
30122005
28062015
10062015
27032009
10022016
26122002
18022011
25012012
30122013
11012007
25102013
30032012
26102004
27122018
08122006
22062014
18122006
04102000
15072002
17042001
19022013
17072018
13122004
16012013
12042003
17022013
22062017
14122011
07032003
31032010
17122001
26022011
30042006
16042003
19012007
15072008
06052007
13062004
14042006
27112013
31052005
10012004
12012010
14112004
15082014
05052018
17062014
20042016
05082005
30032007
06032011
02032005
02022003
27112011
15052010
04102009
05112008
31082015
24092001
05022011
09082000
21092010
21032002
10072005
19092006
15092005
13042015
02082010
14032012
14102017
21092002
14102006
06012006
18102003
24092006
20062011
30032009
01032002
04102003
12092014
01122017
05072016
27112013
08082017
12082015
22102007
29042014
11082013
25052013
27022016
12012012
05042005
12122012
19082010
12122004
26052000
27022002
17102013
13062002
27102002
07122008
15092012
24012016
28012008
17112001
12122001
01072017
30082016
19042016
25012010
04022018
26072005
13042004
16032015
23102000
20092016
14102010
03032008
02022007
02102015
13052001
13032004
29072006
15092009
12042013
14042001
04102015
07022003
21032009
20072012
01012003
08012005
10052014
04112002
20072005
02032013
07032018
29052001
04072001
05012015
29102013
06042015
15112015
05042008
07042017
01102004
15092015
19082001
22072001
23032014
04072001
19122015
20112008
22092000
04032017
03122014
04022015
14122015
12042005
15042014
24052003
12112014
27112011
11012011
02012014
02032014
20122011
10062002
24012016
01022003
17092008
28092003
18102017
06032004
30042004
14022016
01012004
30092017
17042008
12042002
07082009
09012013
12032014
22102001
22082000
23082009
27092017
05072008
23012003
02052016
07072004
20012014
11112005
27032002
18052000
09032011
10082007
21092002
03052009
23092010
08062011
19062014
27092016
21052018
11072008
15112006
25072018
24072003
13022003
17122003
12032007
09092013
20122015
24022017
04092017
15072016
03072001
27022002
08042010
21052001
17092017
28022000
27032000
15072006
08012008
19102004
01062009
09092000
24022018
23112004
22112016
05042010
28092012
16112013
22022015
25032010
26092005
27082001
31102012
26102015
30082010
13062000
24062008
21032005
02072015
19062018
06102010
13052010
29082018
07122014
21102007
01102007
27112004
22042010
23122017
15122017
07122011
21092011
08042002
16122007
14082018
19062006
13012010
17072018
09112011
31012016
21012017
29092010
06122016
22052003
02062003
24062002
22052016
26032007
24042002
15012002
07052001
25042010
19102012
15072007
06082001
25092015
14052018
10102015
05022007
04102017
21052006
27032017
16112000
23112007
11052006
03092009
07092000
08052002
10022018
16022014
28062000
12012013
05022002
31052014
17092001
26072001
30072018
07092013
04032016
29082004
01062008
04062018
26112004
04042010
14052000
05062000
27022011
19102009
24102009
23052007
20112014
31052002
23032014
06122012
30062017
07092006
17022003
15022006
03022009
12062015
11052000
27012012
13082005
29072010
04092002
11012017
02032018
14092018
26012002
27102016
05102018
18052015
20122001
03112001
04122009
18032004
24112014
25082012
14062000
17102008
06122018
16112016
12082013
06012002
07112014
12112010
10012005
01072004
26112009
26052002
25092009
15052018
13112018
12122004
09092012
04102004
25062000
03072009
06022011
05042016
17042014
27092003
13042014
13092014
22022013
30092003
28122009
31012009
08122001
25062015
14082000
06072003
30012002
14042008
30032006
06012002
26032016
29122005
06052001
23122007
29042007
05092001
12082002
04072008
31122007
08042017
12032004
16032002
07082013
08012005
30032004
04112007
09032000
15022004
21032000
30052010
10082004
26082003
13122009
05052015
13112004
20042001
19052011
10052018
17112007
09082011
26072011
23022017
12072008
23112003
12052017
16012011
27092003
20012001
26072005
27032000
06082014
26032002
24122017
13092017
22092005
07062004
05052005
13032004
15112013
10092018
03072009
13052008
06092007
04042014
02072004
27042007
28092012
31032012
15122013
22052017
27082018
11122003
09012013
30032011
05052010
13082009
30062007
30092009
23092014
03072004
23122017
01072006
20062015
25022005
30122015
03012012
22032016
19102003
15122009
11122009
06122004
27102004
16062008
05042004
27072004
30062018
22102017
18102007
19062004
08012005
07102004
15112018
12062001
27022017
10122011
15092009
17032006
17112011
27072016
12052015
16092011
18062001
25052012
21122002
17122001
02022008
20012001
21022012
15032006
04082013
01082002
04092015
01022011
24052010
17102006
21102015
24082012
27082004
23032014
04062011
09022011
27112016
01102018
13102004
18052000
30042005
07122007
07112008
30112018
25082017
07122016
26042007
28092014
05022014
04102005
14122016
14042001
13092000
15012018
18052010
05092016
23022017
18062001
25062007
11052001
23112001
19022005
16092017
03012002
11112000
04122011
30082003
17042016
16062007
14042017
12112008
06112008
06082006
01102002
01102006
16032006
24042003
06052011
16032007
27052002
11032013
15052010
24112011
10072016
24092013
07072015
13102018
22122003
09072006
09102011
06082001
01082017
20102004
06112004
14022000
27092013
22122002
10082015
14092002
30062010
17052014
24082011
02012002
21062003
06122015
28092007
08052004
15082000
20092003
27072004
14092011
20092016
29012012
02122000
11092010
26052007
17122008
19122014
10082009
06052004
23112013
28102002
16072006
30082013
06032010
10122008
22112004
08102018
30062008
08082008
20092017
13102001
24072010
25112002
21012014
29042012
07062012
19012013
07012008
24012003
02122015
23092014
06072012
23122012
09042012
19032017
01092018
16092010
07042005
07112001
30082008
15052010
29072003
08042000
17112011
11052009
18032008
06052016
03042010
16062007
17082015
17032011
01032012
03092014
03062001
26122012
27072011
06072002
02122012
22022000
10022006
23042003
10022004
16112004
26092008
06072008
07082008
14082003
30032005
09012011
09082008
22122015
20092012
03102016
06052009
14032003
19062007
23072003
05122006
16022005
19052002
07022014
06042016
26092015
17082016
15032013
24012001
28032010
24022002
08122015
06012007
11092014
13112013
03072016
23012012
25102013
08102010
29112014
20062001
13012005
07042016
07032018
17042000
03032004
02122005
07122009
24062013
16072008
16072015
29102000
03042010
03082014
05012006
12022004
18012016
28032012
04112007
27042008
17082002
26052008
08062012
25102002
15042017
04012011
06052012
22072007
15032002
08012007
04032002
17052005
02122003
26052016
26042012
29042016
11122007
16052014
24042017
29012007
04022015
27092008
31122004
31052008
07022005
19102017
24082008
10022002
29032015
20122001
18092016
28032009
02062007
01052013
18122004
21072009
22032014
23112002
04032010
20042003
18072009
19042015
31072018
20122007
21032001
27092017
01102007
24082011
13112018
28012017
13062007
30032015
02022005
15042016
24012014
30062000
14012006
08012010
12072014
09062014
16052009
05082002
22092015
18052003
26012006
28112003
20082002
18012005
24052004
19092014
02102008
16102015
07012002
10042005
08112005
03072004
22122008
16112004
18032018
12112011
24112009
14042011
06022001
24042017
12122000
13092003
01082013
14112013
07032011
25042014
24022007
25052009
04052009
19032017
23082004
09022015
23042001
31072014
14052006
30052014
13102009
30052003
06092001
07042007
02082009
27082002
28062003
22092015
13092009
05022014
04062018
16082007
30042005
16122013
27032017
04102009
07102000
22022002
03022014
14052011
31072016
30112003
16122008
02012009
10062018
13022016
14102008
03022004
27042006
24102010
19122009
03032008
05102009
27112007
31012013
12042013
26022004
23082014
07052008
29112004
01082010
02072017
28122007
04082007
30082006
22082000
04052004
23052014
11022011
12012017
25092017
12082006
14052010
14102013
22102007
18122002
13092014
22082005
20062012
11012008
19032004
27112000
14092003
31032014
19012002
27052015
05062007
25042000
02022008
07042018
18042015
25012012
22032002
25082002
25082007
22112018
12082000
27052007
10012015
21032017
24102007
11062003
22052010
08112003
25012009
25062018
19112011
05022009
13042012
12012013
14092013
01112009
17022009
15072010
25072004
14052012
08112004
11012004
03032007
06012003
21082007
12092012
23062005
25032016
12122015
10082008
31072003
15012013
30122004
04052011
08112001
20032001
04092016
21112004
15022010
12042018
22072007
08102013
12082007
07012002
28122016
02102010
05062009
16072015
08012009
18052008
07022017
11042018
12092017
26112008
01052017
20112016
05082003
30102006
26042001
05122009
02102000
21032002
13092011
05062007
02082011
18102016
26032012
04082017
05022013
10062008
16112003
15052005
01072000
22062015
18082017
19082015
09012007
17062015
25062003
22022016
06092010
21052006
30072015
08052016
05092012
03012008
02072001
23012015
24022000
29042002
18052000
24102002
19012002
04062016
28092011
23102013
27092008
10032006
26032017
10072008
30112007
05072012
08082012
07112003
08012018
16032006
30082008
29102003
10042018
06092000
11082011
07122012
24082012
17112014
14022011
04082004
02082010
20092017
06062010
20012004
19022004
13092013
27102017
13032017
21052008
28082003
31072008
11082011
27092016
18012009
16062018
11082000
28112002
16082017
22062017
10022012
16092007
29072006
02042013
18042016
29112014
04122013
24092011
08052013
30112014
09042018
10102018
18052000
10032009
23102008
31012000
05012015
04092012
06122015
01062005
17122009
25062009
25092004
04052015
04052010
01022016
16102010
02022005
31032015
24062000
06112006
10012009
25052010
30122016
20012000
21072010
19102017
15032000
17062014
07092010
25122013
17112017
22072013
06082011
11042005
24042018
05012011
23092012
12062012
13012011
21022000
23062004
15012003
02032006
09062008
05012013
31012017
22102010
12052016
27112017
28072002
18042012
05072001
26042017
19062008
07122008
08102003
15062001
15082002
17052015
25112004
05112016
28072014
24072010
08042002
09112011
01042002
01052005
11092016
19012011
18082016
07112005
30092003
08022011
20022008
07112009
19062012
17072009
16042013
11032015
15032012
07062015
12012006
10012014
11012004
18122005
01032008
02102011
13122014
04082001
14052006
22112002
09122014
08082014
01122013
29062014
03042002
10042014
09022001
06122013
01102007
22062018
11022004
07042017
24122018
04092006
08022005
10072005
25012010
15042005
17022014
19122008
02032000
16072008
22102017
01012009
10032004
19122009
14052013
20112003
24022016
26062005
22032009
24072005
08122016
02112014
26082012
17022011
08102010
11072002
21102004
15072010
02122010
02082018
24062016
06102011
18112001
24112000
18102018
04122010
27082011
02112009
25022014
17122011
28092003
05092016
23122006
01012010
26042010
26012004
13122002
13052003
05052015
19032013
11042016
17122017
24072013
27082000
08032007
09062008
23062017
25112008
23042017
12012002
11122001
29102001
07022018
03112011
22072017
17092003
05102008
27062008
22092006
20012008
07092006
23052018
03012018
17052009
30112002
26072006
08052001
10062018
04082005
07022006
06122001
18042007
29052016
14022004
24022003
26052002
17012001
30102005
27052001
30122014
04122009
16102009
12092011
31052010
06072018
16092017
22072001
03112012
22062011
18092015
17072002
27062008
18112002
25022013
10122009
01032016
19092010
28122003
14122002
20042009
17042017
09122008
29112016
23012007
26062015
19042010
06112010
12042003
18092010
09102014
10102012
18032005
21012012
06052016
24082006
19082011
05092012
04102008
13112018
09082005
02102004
19022003
13032016
09092002
02082014
24032016
16052018
15022009
15122007
26042004
25122014
10112001
07022005
10052007
14062014
23092006
20022012
01042013
17052010
07092001
26042003
28022005
23052000
25042003
04092006
24082016
06112017
19122004
06082016
25092016
26032017
07052004
04012008
22112005
30112012
11112010
13042018
23082016
23092018
27102004
18102006
05122013
03092017
04022011
08082000
17122004
20022001
24122010
12072016
22052018
04092012
13052014
27062017
26062011
03032010
12062018
16022003
17022006
13082002
15082008
03122015
16022017
18122001
28022005
11052005
21102012
22062005
16112003
24022018
09092018
24032006
13122001
20092016
27062005
07122009
08022017
23072003
27092012
20062003
13122011
06032001
03072001
09052018
21082016
26112017
09102010
13072008
16062005
08052006
07032017
01112002
23092004
19082017
23082001
16092011
10062010
04082003
03092017
27122018
07062011
23042009
07022012
19112003
19082017
01102016
11122018
22122007
01062014
21022009
17042004
14062016
01022002
24032013
09022018
29122007
24092005
10032010
14102009
22012003
28082006
19102011
19112001
27022016
14072012
07092001
14092011
28072010
07092008
17072011
10062012
25062003
10072016
22082011
06032013
30052014
29012008
13082005
02052018
10012009
20112008
10112001
31012003
19032004
22012000
10112013
08112006
27022009
16092010
22102014
09022003
01052001
27032015
19042003
12072013
28032003
27052005
11112014
09082016
11092006
27082000
12102012
27082014
03112015
24112014
07112003
12012004
13062015
02082007
25092000
21082010
15122015
01042010
06042015
12042003
24042006
22032009
07062006
23082014
08122007
07112009
18072003
27022005
08042009
30112002
28092001
16012011
27062005
28122001
12022009
11052010
29032016
14112013
13122012
18022018
17042017
10102001
25052013
06022009
29092004
19122015
29112011
09112018
25042007
02102006
27112014
31052001
03052011
24082008
02022013
23062011
01012001
30042006
10032008
19032002
28092014
29092017
08032003
27022011
28012002
12032017
27052010
12012017
28092015
19092014
06112004
06022005
16112017
02112013
05052003
26072007
10102002
27022001
05112001
25012014
18052014
29012002
12102001
23082008
31032011
15012000
03092002
27012006
24092000
21112004
27062005
22112015
17012000
03052018
08032005
18022007
07102005
24032001
21062014
19062017
18122012
21112005
14012002
27072001
04022006
09072002
26052004
25052001
10092007
31012008
18092012
02062001
04042018
19042007
07012000
10012001
24012016
25022014
25122004
26102017
10012008
09092006
01082002
16042003
11032008
06062002
02052010
16102015
06012009
07032002
23112011
27092016
25112001
06122009
21032007
24052004
17052013
31052008
07112012
20062011
03032003
01022004
16012004
27062001
31082012
25032000
21062003
10082003
15072008
28022007
02032014
07072001
12042018
29062001
12122016
26082011
02112012
22012003
05042010
29082005
21122010
14122010
30092007
02022011
11072018
30052008
29092017
17042008
08022001
01102001
08122016
07082005
16082003
08012002
30102007
28092012
04052003
12072004
12032011
31102003
08052000
17052007
15062015
07062004
12022009
24012015
14122014
27012018
25012017
27092003
23102007
10022015
06012012
30052003
28082005
26062006
13102016
16022012
01022011
11082010
14032017
20092004
07082009
25012015
04062005
31052007
05022006
12032009
16112003
20042008
11022008
25052006
24042011
10092003
14052017
07012000
14122003
06022001
17062006
25092017
22062018
04032018
12012004
16112001
23032000
27032015
03082002
18072018
04102002
26102002
14042000
09092016
28032005
22032008
04062005
16072010
14072012
28112016
15112013
08082010
14112002
20092004
23092001
20032010
19082016
13042017
10032011
22022012
15052008
01022015
19072003
06102016
25092011
25102017
11102018
04022016
26072004
15062000
30082011
11032005
11112014
28092007
05052009
02112002
18072007
09122004
26082007
27012013
16102001
26062002
03102012
06042005
06042003
27032011
06012013
01062014
18072005
02022016
02052018
27122016
10012007
28092014
11032004
22032009
10022017
09112001
01052016
24052018
17032006
13052015
21012006
26122004
14072016
20042012
20062005
16112007
15022012
03072004
13122009
04112005
25082001
13112008
19062009
04112001
25032003
18102001
20092013
18042017
25112003
29042003
20112003
01112016
17122006
12112010
02102007
30122015
17022015
06022015
28022011
15032011
01092014
17052011
02042006
15082002
17042010
19112008
15112018
12032000
13082003
21122007
08112012
08092014
21112003
27012011
18092007
06062000
13102009
04012000
14072001
30032013
10072003
16012002
03052010
03022006
10072011
27022011
30112015
14092017
31082000
04102007
22082009
09082003
26052007
14092009
07062008
04012003
23022010
10092003
14082000
17042004
25012014
11122015
18052014
06072004
22052003
30052015
16052016
11072000
22082014
05122002
23052009
05092016
21032016
17102012
12032000
18112005
09012002
12092002
09112017
16062018
10082007
25122004
10122010
20042001
06102000
07102003
25062008
04092013
28072004
26112015
26042009
22112008
29102006
02072000
22052000
21092001
20022006
16022016
20042009
15082011
21102013
25122004
28082009
24052002
28042001
14072009
12042006
11052015
15112013
28062014
26102017
13072006
25062015
12112005
23072001
10102002
21042018
04112013
02032006
27032005
27012008
15092013
23012002
05062016
22102016
08082018
25052014
19032011
16012003
31012003
01082017
14032009
26102015
30052009
23042008
01112011
02012014
20072016
04092000
10122005
31082005
05022015
19122000
29042018
22072000
31122008
10102015
28092006
22112016
13012014
08122007
23032003
18032017
21062007
06012012
22072002
30062012
10082005
17112007
18052009
04022002
14062017
01062009
04022005
03032012
05102001
19092002
01062015
26102009
16032002
12062014
18082006
23082016
21082002
26092005
09012007
26022004
23062007
31122018
02022007
30082009
17122018
06062005
02012007
04022013
28102016
14092011
16122006
22052002
08112009
03122016
27072001
12052014
31082008
12012012
17112011
19092003
16082009
05072006
01042009
20082004
22102007
10072004
15062016
18032005
16082012
10052018
08102008
07122001
15102016
19122013
19102005
04062000
15032004
24052008
24012006
24052008
05022016
06092007
23032016
15032004
05042001
05122015
25092005
30032016
26042009
02112010
11122005
18052018
24112002
25052000
13122013
25022015
30092018
16122014
10082011
10022001
22122015
14112005
25072007
17122004
23042005
24052013
19012001
19052016
08112005
21012001
03032012
09042006
11102009
11122000
29112015
20042011
12032000
27032001
20042001
24032005
05012014
28062002
21042018
02022009
11022015
23082000
10032010
29082017
02082005
12082006
19032002
03042012
03092016
19122006
16012009
13102013
26112013
22042016
11072012
24102013
11112017
22022007
23072005
06032007
17052013
18112013
30122008
28092007
11092007
11092011
14062014
30012003
09082012
24032000
28112016
25082016
14052017
08122014
10072007
24112002
17022013
08012013
29032006
19012010
09022005
03082006
17062008
15102005
02082012
02092013
29012013
14072015
24082009
07112005
26052009
10032005
27082010
02112011
17052008
12012009
18102000
02052006
13122008
06092014
03052001
03022009
04092010
04032003
16052016
31052004
07012004
10022006
08112016
18092009
17012014
12062005
04012003
11112018
02122008
15012004
22062012
01122005
21092007
26112004
18092015
02012010
28012004
30112005
03102005
08102001
23082013
02122013
31012012
23042002
08072002
06122002
12072014
16112000
17052000
18042014
16102011
27032005
07052001
07052004
25082018
13012000
14072017
06062014
21102007
18082005
27052010
12022000
19102014
05092003
21092008
17072001
05112001
18122003
24082015
02072000
08122005
29012006
30082005
02032001
07072010
03102007
21012017
10062007
27062011
22092000
15012017
13062010
23112004
31012008
28032011
18052015
03012016
07122001
23032008
20012012
24102011
17012016
06112017
02102008
14112004
25032017
02072017
12052004
08052007
16122000
27122018
01122017
13102014
03032011
08092006
08052009
19112005
10112012
21042001
12052000
28032017
25022002
12092004
26102018
17092007
28082011
12122012
25052005
08052004
07122011
09032000
03042018
22092012
22082013
12042011
07032007
21062006
09122004
24012008
19082010
29122007
02052009
13022006
06092015
26112012
25062009
20122003
04022016
21102000
29072002
23072012
21072004
04022011
13122003
11112003
14032001
13032014
04092002
17062018
02092012
04012009
20072008
05092010
01062016
21102015
25102017
30102008
29112006
21062010
09022001
22052009
08012012
01122007
17062013
27072000
09072016
07112003
30082012
19072012
06062017
25122008
20092016
06012015
10112002
01062015
03082011
05082015
09052013
14022016
25092018
19032007
18092018
24052001
16102004
13082013
26032003
31102009
04112015
17082010
16022003
30122004
20012018
11052011
06022012
15082011
26092004
05092005
02082008
14082011
01062005
16112012
26062010
18082009
31102011
05042018
28022005
13122009
11062012
04122016
08082014
07092014
21072013
15012015
19102014
09032018
17052012
12072002
17032003
02082012
26102006
17102003
25102014
23082014
01072008
06042002
11062010
26052001
08122002
17022014
10062012
21112007
02122007
30122017
13052012
05102018
09102001
14112006
09062015
05032009
31052018
17112013
19012003
06012010
21102013
04062009
13032002
02102003
14122016
10082001
29112002
09092014
22092018
12042015
26092013
08052009
18112018
12022000
17062004
01022016
19122010
12092013
20082002
13072000
11062000
11032013
24122006
12042001
26092009
01062001
15052003
01042018
31072004
29102018
10072012
25022016
01092018
29052004
18092014
17122008
16072018
23102011
23062007
27052018
24102013
24022011
12062000
15122000
04042016
13072009
04122015
17042006
09042011
17092002
04032003
27012000
01072012
05102007
26102016
07032016
23032007
03012003
03072013
07072007
07102014
12072000
25032011
07072004
13012007
07022015
27062017
30062017
28052004
29012014
07012002
14072012
05022010
20082018
01022015
14122000
24112012
26112010
29032012
31102017
10022011
17122003
25102013
17122003
30122018
23112016
26112009
09102003
02032014
23082001
23032004
19032009
26112010
14082005
01072008
27092016
04062000
12082009
21122011
07032013
17122009
06052018
29072013
13032005
03052012
26102006
22082017
21022015
06082015
25062012
16032001
26052010
20082009
08012002
18052017
23022004
29062000
02122007
24112011
05022012
21032006
06072012
13092009
23042016
01022006
05072016
14092009
07072009
22042005
09092018
07112018
07082012
04102011
09062015
06122002
10022017
14112013
04122009
31082008
18092017
05032008
12122006
20012015
10052004
26032011
10122015
12052015
03072006
02112007
06112017
04032017
11022015
15092008
14072007
23092014
14122001
20102001
23022009
04012004
09102008
30062001
13122015
20092004
13082006
05072003
17082011
26042011
19082000
27072001
28022002
19022008
15022016
02112004
27012016
01042006
28052017
14112015
04052015
05082013
12042015
23032008
18022011
22102017
02122011
12062018
26102012
02122014
30122017
02012008
05042001
27092014
31052017
28102002
27012004
25082010
31082013
28012014
19082012
01082016
09042008
06032009
07042005
15072010
04052000
06022003
21092011
04122002
23102016
10122009
12122002
27012016
24092015
28122016
31072005
16082010
02082002
22102002
05052001
06012014
16072014
25052003
18122008
29072000
07012010
14022003
03122002
11082017
14032010
16112015
17042018
24032012
23032008
13092003
16032017
10062008
30012014
03022012
21082002
21102002
17112014
17022006
11012006
03092016
13092016
08122017
24092016
21102000
09122017
09082004
10042010
11042016
17112006
19032018
23042003
05062011
02022011
18072014
31012001
31072006
09102007
16082012
04052005
21092006
27052001
04102012
30012009
11082005
04072012
05082001
23112015
04012000
05012013
23082015
19122003
26062001
14052001
02052006
25042008
25032006
24012015
30052010
20082012
28012004
12082004
01032016
15032009
25112011
26072006
06012014
12092010
25032017
01092002
25012010
01122012
04032016
11092009
19102010
14122009
29122004
12062009
27042009
04042010
26052004
11072018
04122000
06102002
19112007
19082007
24092010
20042010
23112011
05012017
11062005
11032010
24052014
15112003
11012011
11012016
30052017
12082004
14032009
17102008
03112002
11032002
04062006
10112015
04122003
27112004
12122017
26062012
13062017
01032015
05052003
06092009
01062001
18062014
29082006
15052004
28082005
23112009
24122001
06052011
09112003
07042006
16012007
23112008
22122002
07072007
01042017
23102008
30042017
06062007
30072012
31012009
25042003
23092016
15112000
03082001
25082011
22122012
29062015
15052009
17102004
17012018
28092006
08122005
14012009
17052005
14122006
14062009
12062012
05062017
30122003
25072006
06022012
08062014
05022016
23072004
13082016
17102014
24062002
28102011
26012011
03012009
21032000
24072005
05012001
28062002
26032009
08052003
04122008
30122002
21062014
19112000
07092005
28052009
10022000
19112015
13092013
05012004
16022013
17062018
27082009
20042005
10032001
18102008
21042018
11102018
11072010
30062000
22072002
06092018
30092007
03012011
22062001
03042003
28122017
26102006
30062007
27072013
23122017
27082018
16112017
22062007
13052016
29102005
12062016
19062000
13012009
29092009
12032012
16102002
09012003
24072001
24022008
19052002
17112009
07102000
18062008
07122013
28112004
12062005
13122013
13032003
15022008
26042001
08022009
23082006
02102015
16122006
07042017
30072004
27042014
07082015
11012009
10112016
18072008
07012006
09052001
06012011
21022006
22092017
17022012
15112016
22042007
07112018
16052018
06072007
09062015
14072002
24112000
05012018
29012008
17102014
28042016
15092006
31012000
01052015
09022009
19092007
02012015
17032016
27092001
20112001
24082010
16042012
22062007
06102016
30032016
28042004
14112015
11062013
20012000
29052014
22022017
05092012
25082013
14082002
28042018
30112004
12052017
26102014
21112017
27012007
08102014
16102011
17012000
30102004
15052003
24092008
03122003
05022012
27082018
02052018
01072014
12032006
10082016
08022008
15032017
31122005
11112004
30032010
12072015
30122003
11092001
31082012
29032008
12112007
14012011
13082007
08112010
09122001
11072018
15092003
02062017
16032005
03102000
06022008
08092006
25042000
01082008
13052015
20032008
16072005
28052006
19012000
07022016
05022011
04032007
23052017
28112002
05042004
26052016
12062018
08092010
30122009
28122014
19022003
16102010
07062014
19072011
12102013
17112014
24122009
15062005
29102000
24052004
07042011
28122002
24062008
03122008
05032015
15042003
27032001
02072004
19092017
23022007
28062013
24052007
10082016
24072009
08092008
18032008
04112018
23062002
16012008
24052000
21052016
14042017
27032009
30102009
06012006
16092004
30102018
27112003
03072011
06042016
13032017
07112016
03032006
25022011
21022002
13052009
08082003
10022003
22082007
10092001
15042000
15082012
22062012
03122013
21022000
24102018
18022014
03052000
30052006
21062014
14042017
13122009
27122004
14022008
29032017
30112006
23052017
26052004
29112007
19072018
15022015
23062005
14102010
25012003
27092000
20062012
29102007
18042005
24112008
06062012
26092015
30042008
15112014
16112007
26042009
09072017
15082015
07012018
07122002
10082001
24012017
06052015
14112005
07092017
13082016
03052007
26102018
25022000
27022002
21092002
24112004
26072003
29082011
13082011
07052017
29012003
04012017
28092011
26102000
08012007
10032007
13112010
27092009
23082012
13112010
19022003
21122014
30112017
19022018
13042002
11072010
02052016
16122000
29062012
08022008
05012005
07102007
20072013
01082002
09062001
06032011
01102016
10012005
14082015
20112004
15102015
12062009
23012001
24042016
11032018
10022002
28012016
15092001
02112016
22072004
15102008
15122004
07022004
03022008
29032015
24022008
16032000
22122005
21102008
31052007
18112009
30052003
10112010
20022017
08022004
20092011
07072000
04042011
15112016
07012018
29092012
17122017
19042017
30042005
07012007
08062014
13082017
18112002
26032005
19042004
20122012
13092013
22052014
09052017
19042014
07102001
10072000
29032014
03092013
06092007
01102004
25052006
14022005
17052002
27032013
20112000
24082016
01022014
30062016
20072018
01062007
06032003
10112015
24092004
09012009
21022005
29112014
09102000
01122009
27032002
06032008
18092009
16072006
09102012
16012013
28102012
25022002
14042010
04042009
20032003
25032017
13032017
29092012
04072004
29082015
18082013
01052005
04092017
15112007
30012015
09102014
30052007
08022018
19042006
20092018
07022016
21022006
01062003
09052009
28082004
17102017
16032018
05012010
30112011
29082002
02102000
16032004
04082002
27012009
30092013
30052000
12062001
09052004
10032004
29042017
22082017
15092015
24042008
20102003
21102007
11032010
17032003
02072004
18092000
29062000
28022004
29112016
21072008
25072015
01072009
20072011
13102008
22032007
24082002
10022001
01072002
12112011
08012011
02022009
08112016
10042010
11072014
01022008
08062012
29032001
12072002
16102005
05082016
25082016
13032000
15012009
27072005
14062017
03052003
11052012
29052007
19032011
07062016
27012001
05032006
30082017
07052005
11072006
03092007
16072017
18052016
26022014
01012000
14072002
23072003
15022011
04022012
07012002
04112013
06072017
10042000
18092003
05092016
20032007
08022009
10072010
31032000
06032007
07112004
04022000
25092012
23092010
25052007
07092011
05092012
03042015
29102014
16092011
11082001
03032002
31122011
27022009
06052001
29112008
17042011
12022018
14042018
11032001
08062007
23102011
28062002
08052000
15032018
07032002
13112009
04042000
01022009
10122001
08022000
18102002
15122002
02092011
16012016
05072014
14022007
22072000
29092011
25112007
27092005
13012007
23122015
06032004
22052007
25042017
10102007
09112018
06092013
03062000
03042000
25062014
08102015
28042004
08102014
04032009
24082015
05042009
19112017
20112017
06102005
14122018
03102016
17122008
07022000
25052011
26122004
05052000
27042012
06072012
02032015
18102009
17082016
05102017
17022006
11092006
15082009
17122000
02072002
09052015
07032012
08122018
18072013
07062010
17072007
07072006
20122013
18102014
17102013
13052003
10122015
28032004
01112004
23072004
24062010
28012011
19102005
12032005
30012006
26012013
05102009
24072008
29122014
02062017
02062000
28022016
13082017
30032001
27102011
04072005
16112017
26062015
27112011
17082009
14052016
16082012
03082010
15032002
17012011
11052003
01032005
19102011
21092015
26052011
04042006
12122008
18062000
13072008
01122011
10102012
11062017
07102008
17012014
13122001
01032011
29062009
04042011
24062008
29032017
28122018
26072018
15012007
13042018
09042003
08042013
20092008
27112001
26102017
22062008
03032006
29042018
28042013
15072017
30112003
21122015
22112005
13112017
28052013
20062001
05082004
08032017
13042008
22102002
22042002
01042002
06022006
22072016
14022007
02052001
26052016
10122011
15012002
09102007
16062018
21092011
04092012
07112016
23092012
03112009
18022014
31052007
06042018
20122012
28072003
13032011
26042007
03082011
10122005
24122006
02122002
10102010
30032013
06122018
21112015
30012000
09122018
18082018
14092008
23102008
02062010
21062018
27092007
12052001
21082003
18122013
07102002
24022010
04052010
30032014
13022012
19112013
15122011
04122007
21112017
20112016
11072012
15032004
02042016
03012016
23012001
19042014
12062004
02102009
25052011
14022008
29042004
15072000
27012004
20122000
31082011
07072005
12072002
03022013
05122013
01112002
30122018
23122010
24082012
11072014
17072006
30102000
21052009
27092000
05032011
30122004
31052011
18082006
22112002
13102017
11122013
08112012
26042003
28072016
05032005
20102008
23012007
30062014
14072012
04042010
28072011
03052012
23052016
24022005
20012000
02022002
08032008
27032014
18062018
12112009
12022001
26082013
18032016
25092005
14062016
23072001
08032017
18082009
13012006
17072010
28032007
07012002
20082002
08062005
08112007
09042002
03032005
11062006
24072010
21112013
27082008
20082017
14112015
22112008
13102008
04112017
11022015
10102017
07102004
15042003
03122017
27042002
13022000
12022011
11092012
20102000
27052002
16072003
24042016
19012015
16062014
22042000
28042005
30072008
17082014
13022006
08062014
04042005
22012003
28062013
30122002
12102001
22112004
07032016
27082006
10052018
19122018
17062014
19082000
25012002
28052002
02092012
30092010
13082018
19092001
15032016
23062015
10052018
02092016
12032009
09032013
13102015
28072011
25112007
06012007
28052015
27042002
15122009
29042004
05102012
24112016
04032014
09022014
23072008
07032003
08062018
29102000
23112012
10072008
20032010
04062003
05072009
30122008
21122005
05052009
09112003
04062013
23082004
21052016
18052008
30112011
27022007
29062004
23042003
24012010
25082002
27022011
15112007
26072013
17062014
07012003
03032011
07032014
19112001
21112014
13012018
05012009
21112004
16062001
01112006
06062010
05062002
18012006
26062015
06062015
24082018
01052011
01082018
23112005
15062002
21062012
09032002
15072000
16122005
31122015
26032000
23082005
19072016
31122007
08082006
04072015
27092004
10092003
09022015
13102014
28032006
19032000
15042017
05052000
17032012
06112011
06102011
03072014
29032018
18112011
30112016
24082011
10052010
20042018
01082003
13022013
29072001
17052006
15032008
15092006
23092001
01102001
15102006
29122009
17042006
05062000
30082009
01062013
07062016
30092013
02042002
26082009
18082015
11092006
11092000
23032001
17112013
06012016
04112012
08042010
27022015
26102005
09092015
24102004
13032009
06022010
08022010
07052009
21092011
18072008
11082005
30012008
06082003
21062010
22052011
22012006
19122003
22082015
13082014
18092016
02072009
04122018
31052012
26082001
27082004
16092018
04122014
22112011
11012015
16092007
21122012
26022017
13112013
29062006
28022010
07042000
03102008
14122017
26032003
26062006
12022003
23082011
02062005
01072006
15082011
23032016
07012000
29062013
18012014
16072003
25042008
10072000
12062001
16062001
08042003
01122007
12052013
31032003
05092018
04082010
28032006
27092018
01012002
03012015
01072007
30092006
06022012
15022011
13102012
28092010
29102002
06092003
09082002
06062009
01102013
27102013
19062017
04022000
08102008
01052008
12042004
03052002
04032012
13102006
27092018
09032018
03092014
10022002
03062005
23082008
19022018
23072018
15112004
24122015
02072017
10012003
26122003
14052004
22022014
23072015
04072014
06092012
12042003
12042005
20052007
11032009
31082008
05072006
15032008
06022010
25072017
24082016
06102014
24092018
27102017
04122013
09062007
19042009
29052014
28072013
12022014
08032015
28062017
12082007
04112000
19032018
27022002
05092016
22122004
18022006
02022007
30042018
05092009
17092011
21012013
16012005
13112018
14102008
22112009
11102013
04112008
17112016
11052018
15122001
01012000
24042015
16122002
28032016
18032001
14052008
24122004
08072002
08072000
30122014
07032009
15072001
03062010
14122014
25052003
31102007
24052011
30102016
04012009
28022001
08042017
20032013
17042013
22102016
03092015
18042015
17042011
16112014
12102000
27092017
06082013
30122010
13032001
26122013
04062002
24042013
14062004
04082002
15102016
02012005
22082005
05082015
20022007
04122001
25032009
09022004
17092017
01082016
08092016
17072003
02042016
19022000
10012000
05022015
04092003
29012004
20032008
20112017
01102006
23092001
26042003
27012005
06032016
09102013
25112000
26082017
11082003
14022003
08102003
05072009
29012017
12032013
14052006
22022001
07022012
06102015
14042008
01012010
10092018
02032007
18112008
12052012
24022012
20112006
26062008
08032013
15012001
20112001
03012016
15092014
21022003
19102012
23062007
13102011
07022015
07042009
28122015
27122007
01092018
25122017
22032012
21092016
03042015
15032001
25062012
19062014
05032003
28112000
02122013
22062000
17022007
02072002
06102013
10022007
23082013
18122011
15122008
21122018
22122013
16112015
19032009
24022005
19082000
16082004
28022010
01052001
10022004
06072016
03042015
14092011
01022009
26012004
21052007
12112013
08012000
31102006
07032001
04082000
01032013
07052010
02072009
19122003
12032012
29042013
09122009
04122016
24092009
03082010
29122000
20082016
07012014
09112018
28052012
27092013
22032015
10122014
28022012
03082008
10112003
11112003
21102005
01022002
16022005
12112001
31122000
27032003
09122017
24082018
22042004
18092018
11122002
11092015
13052008
01082018
29012005
15052001
15042001
05022015
05102008
20122002
29042009
20072008
21092018
09052004
30032006
08022016
09122002
16022004
29122012
21052010
27122005
14082016
13062018
24122012
16012013
08042015
08122017
11032002
11072006
09092001
24092006
11012008
28022000
13112017
04022011
16042017
23042006
09112017
06102004
09092012
12032012
04042005
16022011
19022009
16042007
11022001
08012016
03092017
17062013
27102001
19062010
27042000
05102017
25022013
08122012
15092007
25052011
03082008
04092013
25072010
28112015
31122011
14102000
01022008
28022011
22062014
10072004
30062007
10032008
08062007
12102011
06042012
25032002
02122007
05052006
02042001
21052016
07062013
12112005
28032011
29012004
07032016
16112003
16112010
06092018
26122017
28042006
26112015
30042002
25092003
01072005
16012014
09072012
08112013
16042014
23022012
17072010
01042012
20102014
07052005
23102015
22102011
20082009
14112000
08062005
14032003
20082003
24022009
17122009
09052010
03022008
23032015
19112001
19022000
13072016
12042002
03042013
28072016
16062010
05022005
12062018
07022003
29112001
18042010
16082004
06042003
28052001
02042013
17022010
07112010
27122008
22102004
01112003
04112015
20082003
10102002
09062004
30112002
13092000
23102017
16022016
27062012
04082018
01012002
20062005
15072013
06092012
17022017
19032013
15112007
11062010
22042003
16042011
27022013
13112009
22012018
20052008
20122011
01102002
01082014
07112016
31122003
23092018
02082009
26112011
31122010
27022001
12102017
03042015
13102002
19112005
12022014
04112014
26072011
21112006
01062011
28062015
18022007
10032005
24022002
23112003
14082008
22122015
20072004
21022001
06102001
09122003
14062010
16122014
29032017
10122001
01072008
12092012
18032007
16102002
08032009
01052014
22102011
10062004
24102000
15032014
05012008
09022009
06062000
27022006
11102004
29092017
30042002
02122012
05032012
28042013
24072018
15042007
04022018
11082002
29062010
29072011
10062001
01112005
31052012
19052004
04042009
15012018
25122002
27052006
06112001
30092005
20122011
25112008
01012012
17092001
13112008
29092007
18082008
13022000
10042004
12082011
07042005
12082008
21102000
18042008
03022003
30122017
04012014
28012009
19082010
04032013
06022014
24042012
30062013
05022001
12052010
01052001
09052008
18032000
31082006
03102007
18102007
11122011
08102001
24092003
25012010
11092013
24072010
02022004
22072003
15112006
17102017
11082008
22052012
19022015
30012005
27012002
31102004
30112017
12092015
23032004
12112008
03032000
20022001
24082005
09092006
29112011
03072012
21122017
26082004
05012010
15052006
30092018
17062001
17092011
19052015
24122001
01062003
25042001
23122011
08112011
11052006
22052015
28072004
03112008
10082017
09012007
29112018
12112004
28082007
15092011
22092006
19092004
25112012
19102007
16102009
06082010
11092012
29052014
02052018
30012003
25062012
20022005
01052016
10102000
04042009
26102009
24012013
17042018
02112013
25042017
10062006
28042013
06032012
26042004
21042003
24012001
17112007
02122003
27032004
05122000
26042001
09072009
05042002
02082015
27122016
03062013
29062008
28072011
02082001
04072005
30102003
01012004
02112013
20082018
13042015
02122018
23082013
07102015
06072002
31122013
09102003
05112009
31072015
11082008
20012015
03052004
01122017
13012000
18082009
30032002
24022004
07092006
28062004
24072011
22112012
13032015
22062010
07012018
11032001
21062006
05032006
03112005
02112007
19072001
11062001
16022011
25122014
26032003
31012004
01012003
02102010
04012003
21012008
15072003
25052002
31082012
28072012
31102015
31072007
20032010
24042018
26012000
06102011
06092014
03022013
17022002
04122018
15032005
14082003
05052003
30122009
15042016
14062002
16042010
14112011
06122000
23092003
02122008
24032011
16012000
25092007
21102005
07112015
23102018
19092013
20062009
23072005
04072015
27012007
21042004
19012017
06052013
29072012
02122011
13102012
24102013
12112011
06052009
26102006
13042004
21122000
14122007
13062007
02112003
27122005
08062008
30062003
27122001
02102007
03062016
03042001
29072008
15062007
21112018
05082000
20082001
20092007
24032009
21102016
02062001
12102012
05122018
22032018
14122001
07052015
12032005
08072014
04122007
26102018
21102011
22012005
24052015
06122018
23092011
09112000
23042015
31032001
08052005
30042018
17022002
22022000
25042002
20082003
04122014
04012011
28112011
08032017
15062002
27112010
05052011
10092009
12042011
28082014
04042008
25042015
02112017
13092001
29102013
07032018
15082010
11072012
30072016
23022004
09112011
16052015
12122002
11052014
30052016
19012007
18052009
17102006
02102009
14052009
25102004
26022009
09012017
08062003
08062017
14082014
24092016
18092011
09102002
29122000
08062009
13092013
23102012
27092010
09112003
19092003
17022010
25052005
25062012
10102015
03102009
05082006
18092018
14112004
21092017
27122007
22022015
13032005
10062007
07112010
11092013
26072017
21122012
17062009
25052003
22012010
02012010
03092004
30012004
06042010
06052010
02122015
11042015
20022014
17082010
14012010
24072008
06032014
25092002
01092008
07092014
04072001
01012017
07072017
29042004
15012001
19032010
05072002
23062018
28092008
25042010
23122018
01072018
27112016
30062006
08052002
05102001
04102005
20062012
21042011
04012010
19042016
25062007
27112008
19052011
28032018
01122005
16122012
10052009
26122002
10122014
03122004
04102017
09092014
20102017
16122018
13112018
11092011
14042000
07062009
20062015
10072008
27112013
17112002
26112010
23032018
06092014
18092002
10042015
23042000
30062018
05052012
26012002
21052018
27092003
31122017
10102011
27112007
21052013
21102007
01092012
14032001
07072000
31052009
26082002
02092006
23032013
17062003
04032015
30092018
04042000
22012014
28102018
24042000
10082013
30062009
09022016
29012016
06032009
22092008
18042007
16042018
18092015
13062012
28032014
22072003
08102018
26082001
21022003
01042010
09112007
02082006
25012005
19062011
05032003
21042016
15122016
19082008
31072004
10012000
14042006
08022012
19012001
02082012
09052016
30012004
31012008
28092017
30122002
18102005
28052000
19062011
26022008
11102013
25082008
21012010
27122008
23092018
02102005
23092007
12102012
18082010
24102000
09012004
20022005
17032018
17022014
15102006
14092006
20032006
21022006
05022007
04052014
20042011
16122007
05082005
13072006
20102011
01032010
25062004
08032009
22102000
16122015
12022007
16092018
16062011
04052002
06012008
24112007
11122003
17072016
03022000
23092000
02082015
18102011
14092007
03062013
04072006
08062001
05092009
04082004
17092005
10082009
21122015
25102011
26022006
18092000
04052007
03052012
06072007
30072002
04072012
06062006
02042004
07102011
18082003
23062006
19122017
14092007
10072014
12062015
23122008
06102013
08072008
02082011
31082017
06112006
16052012
10092007
20062014
01092010
19082006
28092016
25012018
08052004
17072017
29082013
25102014
25012011
02052017
11072013
01042008
11032016
12042005
21072003
02102005
19052005
21042002
07122006
01112009
21092009
24062018
13012015
26012012
24032018
03092003
21102004
29032011
01052016
07042016
25112013
23122004
18052007
19122010
13032009
29102018
07052010
09112009
22072004
10062012
13022007
03102009
15082014
07052008
19092007
30032013
26032006
26102011
21122014
27032013
08122013
23042000
22042007
27062013
27092010
07072005
18072005
10112018
22122010
07072011
16122008
02102011
21112001
03092009
24092001
10072014
31072006
13092003
29042013
14012003
17022007
12032009
19052008
14072013
23052003
04092012
19042012
24022002
09012010
24092002
18062003
26122013
17022017
07082016
18012013
17072010
03022004
12092005
07042006
05052001
05102003
21062018
17082003
21072003
23012004
21122006
21122008
17122010
07082011
20102007
27102013
15042004
23102010
11052016
11112003
10052006
14022012
27012017
03112013
16122006
24102016
10032015
05092010
27112004
02012005
05122017
08022015
01102017
22032004
21012005
21042008
11042013
02072004
05092013
26012007
20042012
13022008
17112008
17122002
05122007
06032003
27052008
22122018
21012009
23032009
21042000
26022017
16062003
30102010
26012012
09122018
31102005
06092006
22112017
02082005
05092015
27052017
01032009
12062006
04022009
01092018
12052008
26022005
09072005
22122005
08042006
29032003
25082008
02062015
21082011
22042013
01012016
07112018
03022012
27122003
21102018
28042006
21032005
11082009
20012014
27092011
12052014
09102017
18112005
10072009
23112004
03112006
20052003
16072006
21082005
29012017
31122009
19032003
01062007
07012013
01062007
14042010
13112007
12032008
17082002
07042010
11042006
05122003
03102013
15092001
07042008
29112000
05092018
10012007
14082013
14042009
21112011
25042014
14052016
26012004
03112012
31032002
14092015
19102005
26072017
13032007
04062017
31072009
15022001
26102017
05032002
15032008
28062018
30122001
03012015
17072008
24032014
27012007
30102009
30082005
22042004
16012000
18082014
09022003
16102004
20032002
02052009
20102012
21062015
29112000
18122005
13092017
19102016
15022013
10022011
15012002
30042003
04122010
29102001
06042004
22072010
20092016
17102002
26072004
09062018
07112000
20122018
29092010
14012015
22082002
14082014
13082006
27092003
10062016
17062003
07032007
22122018
07022008
14072007
25052003
09092012
08012005
20112018
03062008
14052013
08082004
16062008
12122015
13022000
15112009
21042001
09122013
06122010
02012008
08012014
09052001
04062017
29102010
27102016
29112006
02102017
28022015
28042003
20082007
08082009
06082014
24102004
06122013
19032005
23092002
25052003
15072003
08122018
20072009
23102017
25122006
28032014
11082012
11092014
16112010
14042008
28082014
01042012
22072015
03112004
01102003
05102006
15092001
12102016
11012007
25042012
01072005
19032008
06062010
08032002
02122000
01012018
01082008
20082003
23112012
20032003
29092001
19012017
24112015
10082017
21122011
28012016
04032018
23052017
04032007
02062001
26062011
